% -------------------------------------------------------------------
%  Generated by MATLAB on 9-Sep-2022 01:12:06
%  MATLAB version: 9.10.0.2015706 (R2021a) Update 7
% -------------------------------------------------------------------
                               

A_D = 1.5;

A_L = 1.8;

C_D0 = 0.45;

R = 0.14;

Rw = 0.15;

S = 0.005;

c_bar = 0.035714285714285712;

d_cp = -0.018214285714285714;

ht = 4;

r00 = 0.93333333333333335;

r11 = 0.48118518518518516;

r22 = 0.30475061728395064;

r33 = 0.2185686913580247;

r_cp = 0.10758076225045371;

rho = 1.205;

xr = 0.01;

z00 = 1.0017777777777779;

z11 = 0.48491851851851853;

z22 = 0.28785382716049385;

zrd = 1.2933386666666666;
